8.288793023554041653e-06
4.034467820345066791e-02
4.034774941574709173e-02
4.036246044474728345e-02
4.032077722719679125e-02
4.034533687450769790e-02
4.036152135383125339e-02
4.033977509417563390e-02
4.036026381006546648e-02
4.034698367091693605e-02
1.514845974358118220e-08
-3.152709815638171599e-07
-7.284065361602819832e-08
-3.639491462326644383e-07
-1.910117037882839312e-07
-3.160758367401759738e-08
4.301595362415478491e-07
9.876621033957280190e-08
-7.434023035282158232e-07
1.600992146944649147e-08
-2.072376237297998301e-07
3.402266931885833008e-08
-3.551006204082990197e-07
5.877874052636912639e-08
-1.506483477121256989e-06
1.422467176698987991e-08
-1.117705500227403097e-06
-1.174573262394432263e-06
2.041826556718835044e-05
6.353678905773346871e-06
2.354560532873756684e-07
-5.602712271504423254e-06
-9.965969877257895970e-07
2.898707186972269631e-05
-6.267930425059222311e-07
1.377205241423896769e-05
-4.511828222703294670e-07
8.083232205179121665e-01
1.180439367612400514e-07
-1.418664350993535054e-06
5.339192199769064230e-07
-3.390885195576215112e-08
-8.083360681481089882e-01
-8.083421743236519630e-01
-8.083443858032695051e-01
-8.083247166396227978e-01
-8.083370984232329803e-01
-8.083308384130653002e-01
-8.083308001391500408e-01
-8.083290324285472561e-01
-8.083422391437216081e-01
1.438323464874547804e-07
-1.399322340593451219e-06
-1.507282154952405076e-08
1.627703964857454712e-08
-4.967614232324626168e-08
1.320966999376589970e-06
-4.179969786524966209e-05
-1.395341774442724986e-06
3.217381632154481708e-04
-2.606719141996068228e-06
-5.182250703711142103e-07
3.396481293304094373e-08
4.830045371650053178e-07
-2.384681803524835556e-07
-9.835412274694313060e-07
7.279244472711181649e-06
-1.308803021988797378e-07
-8.006298598478263709e-06
-9.914391662394879065e-07
1.565400906864772507e-05
-6.194325272945255221e-07
4.532096036885167011e-06
-1.659674684445555036e-06
2.072623368269135239e-05
-1.074161317385482144e-06
1.710024935688161485e-05
-1.358086943174349379e-07
5.116519816178758621e-06
8.508688633163541003e-07
-6.012024080354297253e-06
1.097831535068814267e-07
-1.682165108798183522e-06
8.111162035041651975e-07
-7.343197473177608299e-06
-1.257276283778271594e-05
4.053543364774923755e-05
1.605984700894466134e-05
7.741459782065500048e-05
1.658918790771864117e-05
4.813339674701057856e-05
-1.794303879208692198e-08
-8.607788170529128835e-07
1.512749821136179316e-06
