#  Matrix made by matblas from blosum90.iij
#  * column uses minimum score
#  BLOSUM Clustered Scoring Matrix in 1/2 Bit Units
#  Blocks Database = /data/blocks_5.0/blocks.dat
#  Cluster Percentage: >= 90
#  Entropy =   1.1806, Expected =  -0.8887
   A  R  N  D  C  Q  E  G  H  I  L  K  M  F  P  S  T  W  Y  V  B  Z  X  *
A  2 -9 -9 -9 -9 -9 -9 -9 -9 -9 -9 -9 -9 -9 -9 -9 -9 -9 -9 -9 -9 -9 -9 -9 
R -9  2 -9 -9 -9 -9 -9 -9 -9 -9 -9 -9 -9 -9 -9 -9 -9 -9 -9 -9 -9 -9 -9 -9 
N -9 -9  2 -9 -9 -9 -9 -9 -9 -9 -9 -9 -9 -9 -9 -9 -9 -9 -9 -9 -9 -9 -9 -9 
D -9 -9 -9  2 -9 -9 -9 -9 -9 -9 -9 -9 -9 -9 -9 -9 -9 -9 -9 -9 -9 -9 -9 -9 
C -9 -9 -9 -9  2 -9 -9 -9 -9 -9 -9 -9 -9 -9 -9 -9 -9 -9 -9 -9 -9 -9 -9 -9 
Q -9 -9 -9 -9 -9  2 -9 -9 -9 -9 -9 -9 -9 -9 -9 -9 -9 -9 -9 -9 -9 -9 -9 -9 
E -9 -9 -9 -9 -9 -9  2 -9 -9 -9 -9 -9 -9 -9 -9 -9 -9 -9 -9 -9 -9 -9 -9 -9 
G -9 -9 -9 -9 -9 -9 -9  2 -9 -9 -9 -9 -9 -9 -9 -9 -9 -9 -9 -9 -9 -9 -9 -9 
H -9 -9 -9 -9 -9 -9 -9 -9  2 -9 -9 -9 -9 -9 -9 -9 -9 -9 -9 -9 -9 -9 -9 -9 
I -9 -9 -9 -9 -9 -9 -9 -9 -9  2 -9 -9 -9 -9 -9 -9 -9 -9 -9 -9 -9 -9 -9 -9 
L -9 -9 -9 -9 -9 -9 -9 -9 -9 -9  2 -9 -9 -9 -9 -9 -9 -9 -9 -9 -9 -9 -9 -9 
K -9 -9 -9 -9 -9 -9 -9 -9 -9 -9 -9  2 -9 -9 -9 -9 -9 -9 -9 -9 -9 -9 -9 -9 
M -9 -9 -9 -9 -9 -9 -9 -9 -9 -9 -9 -9  2 -9 -9 -9 -9 -9 -9 -9 -9 -9 -9 -9 
F -9 -9 -9 -9 -9 -9 -9 -9 -9 -9 -9 -9 -9  2 -9 -9 -9 -9 -9 -9 -9 -9 -9 -9 
P -9 -9 -9 -9 -9 -9 -9 -9 -9 -9 -9 -9 -9 -9  2 -9 -9 -9 -9 -9 -9 -9 -9 -9 
S -9 -9 -9 -9 -9 -9 -9 -9 -9 -9 -9 -9 -9 -9 -9  2 -9 -9 -9 -9 -9 -9 -9 -9 
T -9 -9 -9 -9 -9 -9 -9 -9 -9 -9 -9 -9 -9 -9 -9 -9  2 -9 -9 -9 -9 -9 -9 -9 
W -9 -9 -9 -9 -9 -9 -9 -9 -9 -9 -9 -9 -9 -9 -9 -9 -9  2 -9 -9 -9 -9 -9 -9 
Y -9 -9 -9 -9 -9 -9 -9 -9 -9 -9 -9 -9 -9 -9 -9 -9 -9 -9  2 -9 -9 -9 -9 -9 
V -9 -9 -9 -9 -9 -9 -9 -9 -9 -9 -9 -9 -9 -9 -9 -9 -9 -9 -9  2 -9 -9 -9 -9 
B -9 -9 -9 -9 -9 -9 -9 -9 -9 -9 -9 -9 -9 -9 -9 -9 -9 -9 -9 -9  2 -9 -9 -9 
Z -9 -9 -9 -9 -9 -9 -9 -9 -9 -9 -9 -9 -9 -9 -9 -9 -9 -9 -9 -9 -9  2 -9 -9 
X -9 -9 -9 -9 -9 -9 -9 -9 -9 -9 -9 -9 -9 -9 -9 -9 -9 -9 -9 -9 -9 -9  2 -9 
* -9 -9 -9 -9 -9 -9 -9 -9 -9 -9 -9 -9 -9 -9 -9 -9 -9 -9 -9 -9 -9 -9 -9 -9 
